0 0 0 0 0
1000 1024 1024 1024 1024
2000 2048 2048 2048 2048
3000 3072 3072 3072 3072
4000 4096 4096 4096 4096
5000 5120 5120 5120 5120
6000 6144 6144 6144 6144
7000 7168 7168 7168 7168
8000 8192 8192 8192 8192
9000 9216 9216 9216 9216
10000 10240 10240 10240 10240
11000 11264 11264 11264 11264
12000 12288 12288 12288 12288
13000 13312 13312 13312 13312
14000 14336 14336 14336 14336
15000 15360 15360 15360 15360
16000 16384 16384 16384 16384
17000 17408 17408 17408 17408
18000 18432 18432 18432 18432
19000 19456 19456 19456 19456
20000 20480 20480 20480 20480
21000 21160 21232 21160 21232
22000 21841 21985 21841 21985
23000 22522 22737 22522 22737
24000 23203 23490 23203 23490
25000 23884 24243 23884 24243
26000 24565 24995 24565 24995
27000 25246 25748 25246 25748
28000 25927 26501 25927 26501
29000 26608 27253 26608 27253
30000 27289 28006 27289 28006
31000 27970 28759 27970 28759
32000 28651 29511 28651 29511
33000 29332 30264 29332 30264
34000 30013 31016 30013 31016
35000 30694 31769 30694 31769
36000 31375 32522 31375 32522
37000 32056 33274 32056 33274
38000 32737 34027 32737 34027
39000 33418 34780 33418 34780
40000 34099 35532 34099 35532
41000 35123 36556 35123 36556
42000 36147 37580 36147 37580
43000 37171 38604 37171 38604
44000 38195 39628 38195 39628
45000 39219 40652 39219 40652
46000 40243 41676 40243 41676
47000 41267 42700 41267 42700
48000 42291 43724 42291 43724
49000 43315 44748 43315 44748
50000 44339 45772 44339 45772
51000 45363 46796 45363 46796
52000 46387 47820 46387 47820
53000 47411 48844 47411 48844
54000 48435 49868 48435 49868
55000 49459 50892 49459 50892
56000 50483 51916 50483 51916
57000 51507 52940 51507 52940
58000 52531 53964 52531 53964
59000 53555 54988 53555 54988
60000 54579 56012 54579 56012